 Smith, Hannah 36374 28460 11236 33074 40121
 Johnson, Christopher 11222 49835 33079 40116 49834
 Williams, Rachel 33081 11231 40113 33077 33081
 Garcia, Juan 45468 49835 40121 49834 49838
 Brown, Jasmine 33091 33091 33094 28460 40118
 Davis, Alexander 10916 40117 49834 36380 36375
 Martinez, Sofia 33091 33081 40114 33077 21114
 Rodriguez, Miguel 11236 40115 36374 33077 33092
 Miller, Amanda 33079 36380 11217 36374 11231
 Hernandez, Maria 27200 10931 33094 33077 40114
 Lopez, Anthony 49835 33094 49833 49839 11222
 Gonzalez, Carlos 49836 36380 11217 45469 11231
 Perez, Stephanie 40117 49835 40117 43030 27200
 Torres, Emily 10931 36374 33091 33092 21114
 Adams, Jonathan 11222 45469 36374 33094 40117
 Wilson, Brandon 40118 33092 27201 45467 33077
 Anderson, Amber 28460 45469 49833 45467 40114
 Cruz, Luis 36380 36380 27200 43031 11237
 Perez, Ana 33081 40113 11231 33081 10916
 Baker, Jessica 49834 40117 43031 40115 49835
 Carter, Tyler 40117 49839 36373 11222 11217
 Perez, Maria 10931 10931 49836 11222 11217
 Wright, Ashley 36376 33079 43031 49834 36376
 Green, Jasmine 11234 10916 43030 10916 40118
 Hill, Michael 33074 40117 40116 36376 40115
 Martinez, Alejandro 49833 11237 36374 49834 40121
 Lee, Esther 40118 33094 45468 33079 49838
 King, Christopher 40115 36375 43031 36374 43030
 Ortiz, Sofia 49839 40115 11237 33095 33074
 Ramirez, Juan 10916 33079 11231 45468 43031
 James, Lauren 33091 45467 11236 49836 36374
 Turner, Samuel 36380 33081 33079 10916 45469
 Collins, Crystal 40116 36380 33094 49834 33095
 Bailey, Michael 28460 33094 10916 11231 28460
 Evans, Natalie 40114 33081 33092 33079 49838
 Reed, Kyle 40116 40114 11217 10916 49836
 Adams, Jasmine 33092 10931 33077 33074 33081
 Phillips, Justin 11237 27200 33079 10916 40114
 Sanchez, Maria 27201 36373 11231 40113 33094
 Price, Tyler 49839 36380 40116 33092 43031
 Lewis, Hannah 27201 33094 11234 10916 27200
 Cooper, Anthony 40113 36373 33092 33094 49839
 Ortiz, Carlos 27200 45468 21114 49838 36376
 Powell, Amber 33077 40113 11234 40113 27200
 Cox, Jordan 33077 11217 40114 33094 33074
 Kelly, Christopher 40114 49839 36375 36375 43031
 Wood, David 33074 49837 40115 40121 40116
 Sanders, Alexis 36373 27201 40117 27200 43031
 Ross, Tyler 11222 49833 33095 40117 11234
 Sanchez, Carlos 45467 11234 10916 43031 33079
 Long, Brittany 45467 33077 33091 40116 49838
 Kim, Minho 40115 43030 45467 40114 36380
 Parker, Rachel 11217 49837 27200 45469 45468
 Torres, Juan 40118 11217 40117 33077 40116
 Washington, Ashley 36374 40115 43030 36380 40114
 Phillips, Ashley 40113 36375 33091 33074 49839
 Allen, Michael 36373 11234 43030 28460 36380
 Baker, Amber 43030 40113 49838 36373 40116
 Martin, Christopher 40118 11222 49839 49839 10916
 Carter, Ashley 33091 27201 36374 45469 49835
 Evans, Jonathan 40121 11236 40116 33077 36373
 Rodriguez, Jose 11237 49835 36373 40114 33092
 Perry, Jasmine 33074 45468 45467 27200 33095
 Peterson, Tyler 49839 40114 11234 49839 33094
 Campbell, Jasmine 49834 43030 33081 40115 36374
 Gonzalez, Juan 11234 11231 36374 40116 49835
 Henderson, Christopher 33095 49834 43030 40115 49839
 Diaz, Carlos 40113 40113 49835 49839 11237
 Scott, Rachel 45467 36376 45468 10916 21114
 Garcia, Maria 36380 36376 10931 36373 40118
 Flores, Miguel 49839 49833 49836 36373 49833
 Bailey, Brittany 36375 40115 49837 49838 33092
 Young, Michael 33081 33094 33094 49834 10916
 Reed, Lauren 45468 33077 33077 40113 40121
 Baker, David 11217 49837 36380 36374 33081
 Ortiz, Ana 49833 33094 40114 49836 43030
 Phillips, Brandon 49837 33094 45467 28460 11237
 Cooper, Emily 33081 36380 49837 36376 45467
 James, Joshua 43030 49839 45469 33081 40116
 Sanchez, Miguel 40118 40113 27200 10931 49838
 Cox, Stephanie 49839 27200 33077 36380 11217
 Davis, Michael 36376 33081 40121 33079 33077
 Martin, Brittany 11231 11236 40114 49835 36376
 Carter, Christopher 10916 45469 33094 33077 40115
 Johnson, Samantha 27200 36380 27200 49836 49833
 Green, Jessica 27200 36376 27201 11234 36373
 Torres, Isabella 33079 36380 40116 33091 36376
 Anderson, Michael 36380 43030 27201 43031 11222
 Baker, Samantha 36374 36376 33092 27201 45468
 King, Jasmine 36375 40121 11237 45467 10931
 Lewis, Tyler 11237 11237 36376 36373 33091
 Brown, Michael 33077 11237 40116 28460 36373
 Perez, Juan 40121 11234 40121 33074 36373
 Wright, Emily 43030 36373 33081 49835 45468
 Campbell, Michael 36375 40121 33074 43030 10931
 Martinez, Juan 11217 11217 45468 28460 36374
 Reed, Ashley 11236 36373 36375 11236 45468
 Parker, Michael 33077 28460 33079 43031 49839
 Wood, Emily 40116 33077 10916 11234 45468
 Powell, Tyler 45469 27200 49836 40116 33094
 Ortiz, Angel 49836 36373 33091 49837 11234
 Long, Michael 40117 28460 27200 10916 11217
 Bailey, Jasmine 27200 11237 11237 11217 10916
 Washington, Brittany 49835 49839 33094 36376 45467
 Ramirez, Miguel 49839 49836 45468 11231 36375
 Phillips, Rachel 11217 40118 33095 11234 11236
 Ross, Emily 36374 40114 33095 27200 36373
 Peterson, Rachel 49836 45468 36380 33077 49839
 Anderson, Jasmine 49833 33095 45469 45467 33092
 Smith, Emma 36380 49835 40113 33094 40121
 Johnson, William 11217 36375 43031 11234 45469
 Williams, Charlotte 36376 11237 33095 33074 36374
 Brown, James 36375 40121 33081 49834 49837
 Jones, Elizabeth 33074 36373 33094 33092 49834
 Taylor, Benjamin 45468 28460 43030 49838 36380
 Davis, Olivia 45467 27200 40113 33077 33077
 Evans, George 40118 40116 40114 43031 11236
 Wilson, Edward 45467 27200 40121 40121 36374
 Wright, Isabella 11217 11236 33094 43031 36380
 Robinson, Charles 33095 11237 49835 33095 11234
 Clark, Sophia 45467 36380 49836 11237 49837
 Wood, Thomas 21114 49833 36373 49833 49836
 Green, Amelia 36373 45469 10916 40116 11234
 Baker, Harry 40116 11217 49838 49836 33081
 Lewis, Grace 45469 49836 49833 10916 49838
 Parker, Joseph 11234 45468 27201 36373 49835
 White, Emily 40121 27200 33095 49833 36376
 Hall, Henry 11217 49834 40113 45467 49834
 Turner, Lucy 21114 10931 36375 49837 49839
 Ward, Frederick 49838 40121 40113 11234 49834
 Cooper, Victoria 11237 36375 43030 11234 10916
 King, David 11222 49834 36375 10931 49837
 Carter, Alice 40114 45467 33077 33079 11234
 Collins, Matthew 36373 11237 49837 43031 11237
 Lee, Eleanor 21114 40116 49835 11237 49839
 Bell, Samuel 49834 33092 49834 40113 40121
 Allen, Charlotte 40116 40116 33079 11222 36374
 Phillips, Christopher 49833 49833 27201 40118 27201
 Foster, Daisy 43031 40115 49839 33077 36380
 Watson, Richard 10931 28460 49835 43031 49837
 Wright, Alice 11237 49836 33091 33095 11231
 Cox, Nicholas 40114 36373 36376 36375 45469
 Powell, Abigail 36373 49836 40121 11237 40115
 Bailey, Robert 49833 43030 11231 43030 49837
 Fisher, Sophie 11217 33092 43031 36376 10916
 Gray, Michael 33077 49835 36375 36376 49837
 Mills, Caroline 49839 36373 11231 11222 27201
 Hayes, Andrew 49835 49833 11217 40118 10916
 Hughes, Isabelle 11237 36375 33094 33081 40113
 Edwards, Henry 28460 33079 43030 36374 45467
 Bennett, Olivia 45467 49836 11237 40115 27200
 James, Alexander 49833 27201 11217 45468 40116
 Richardson, Florence 33095 49836 36373 36376 33091
 Brooks, Edward 40116 33077 27200 49839 33081
 Peterson, Ruby 21114 49833 21114 28460 33074
 Butler, Matthew 49837 43030 40116 33095 40121
 Young, Beatrice 40118 33091 43030 28460 49839
 Hughes, William 45469 49834 11231 45469 36375
 Ross, Chloe 11217 40116 40117 27200 33081
 Bell, Andrew 33077 43031 49833 27200 49837
 Foster, Lily 33092 45469 28460 10931 40115
 Hamilton, Christopher 33074 49834 36374 49836 33095
 Hayes, Eleanor 10916 11236 21114 40117 11237
 Robinson, Olivia 45467 40117 43031 40116 49836
 Rogers, Emma 11236 49836 33095 40121 36380
 Saunders, Alice 28460 40113 49835 11217 40114
 Henderson, Henry 11234 40118 33081 33079 11217
 Jackson, Grace 36376 33091 10916 45468 40117
 Graham, Samuel 49836 49838 28460 33079 49835
 Mitchell, Sophia 40116 33081 11236 49833 40117
 Simpson, David 49836 36380 45469 33077 36373
 Collins, Catherine 43031 33095 36375 49834 49839
 Stevens, Amelia 21114 40113 40121 36375 10931
 Robinson, Frederick 49833 49839 33091 11217 43030
 Peters, Abigail 40113 33079 27200 49834 33091
 Hunt, John 40114 40113 40113 49834 33079
 Bailey, Charlotte 11222 33079 11222 40121 27201
 Wood, Lydia 43031 40118 33081 49835 45467
 Hill, James 49836 33074 28460 49835 33081
 Reid, Emily 11234 49834 43031 36375 11217
 Murray, William 49838 11237 45469 45468 36376
 Armstrong, Isabella 40113 21114 40114 49838 45469
 Smith, Edward 33094 27200 49835 11222 49833
 Palmer, Elizabeth 40113 10931 49834 40113 21114
 Scott, Benjamin 27200 49834 36374 49833 49836
 Bates, Emma 40113 45469 49834 49836 40117
 Hughes, Joseph 11237 33095 49835 33079 43031
 Martin, Alice 40113 11231 49838 49836 43031
 Page, Oliver 33094 36373 11234 33074 45468
 Fox, Grace 40116 33091 40117 28460 40117
 Walker, Samuel 40118 28460 27201 10931 33081
 Clark, Martha 33079 49836 27200 49833 28460
 Barnes, William 33077 45469 10916 49837 40114
 Collins, Emily 43030 49833 49838 11231 36374
 Ward, Edward 11217 33092 36374 33077 45468
 Taylor, Lily 40117 40118 33095 40117 49835
 Mitchell, Sarah 33081 33074 11217 11236 49835
 Robinson, Henry 11217 10931 33094 10916 36380
 Ellis, Amelia 49835 11222 43031 45468 11222
 Morris, Emily 49835 45469 40117 33077 49837
 Fraser, Alexander 36375 33077 11237 36376 11237
 Watson, Charlotte 33095 11217 36376 33094 45468
 Brooks, Caroline 49834 49839 36374 33094 40117
 Ward, George 40114 40116 21114 40115 36374
 Holmes, Sophia 11234 43031 40116 33077 45469
 Barnes, John 28460 49838 33079 43031 33094
 Cook, Alice 40113 40114 27200 33081 49836
 Jenkins, Benjamin 49833 49837 45469 11236 40117
 Hunt, Margaret 33079 33091 43030 43031 40118
 White, Eleanor 33094 40118 11217 45469 49839
 Woods, William 33094 45468 49834 10916 21114
 Scott, Elizabeth 11236 33091 11236 40115 33095
 Ward, Sophia 40121 43030 11234 33092 43031
 Bennett, James 11237 49835 33092 40121 33074
 Collins, Amelia 11237 49837 10916 43031 33081
 Lewis, Charlotte 40115 45467 11222 33081 27201
 Foster, Henry 11237 11234 36373 49836 40114
 Wright, Catherine 40113 10916 36375 49834 27200
 Rogers, Samuel 40118 36376 36375 40116 33095
 Green, Emily 49835 49837 40117 11231 40117
 Reid, Oliver 49836 40116 36375 33077 33091
 Gray, Lily 36380 36374 11222 11231 27200
 Peters, George 40121 10916 33094 28460 33081
 King, Alice 36374 33079 27201 27200 21114
 Powell, William 10916 40118 49836 45468 43030
 Cook, Sarah 36375 11222 28460 27200 33079
 Ellis, Edward 11217 33092 33074 11237 36380
 Hayes, Isabella 36374 11217 28460 49839 36374
 Fraser, Amelia 49837 36375 49838 40117 36373
 Bell, Henry 10931 43030 40121 11222 49833
 Hughes, Alexander 11236 40121 11234 49837 27200
 Bui, Linh 11222 11231 36374 40118 49833
 Raza, Ahmed 36376 40116 27200 11236 40117
 Delgado, Martina 40113 21114 40114 33079 45469
 Ahmed, Iqra 45469 27201 49834 45467 33095
 Soto, Rodrigo 11234 27201 36376 11231 40117
 Zhang, Wei 33091 33092 33081 33081 43030
 Patel, Nisha 40118 10916 27201 45468 43030
 Kim, Ye-jin 33091 49838 49835 11234 43030
 Fuentes, Jorge 33079 33094 11217 11234 45467
 Wang, Chun 45467 40113 49834 33081 28460
 Nguyen, Quang 33079 40113 33091 11217 21114
 Li, Xiao 33094 33092 11237 11222 11236
 Reyes, Sofia 11217 45467 40113 33095 49839
 Gutierrez, Luis 33094 40118 33091 10916 49835
 Yilmaz, Aylin 10916 43031 43031 27201 33081
 Ali, Fatima 45469 40117 11222 49839 21114
 Das, Rohit 11234 33074 33092 40114 49834
 Santos, Ricardo 49838 11237 33077 33081 45467
 Wu, Jing 49838 27200 33092 28460 11236
 Park, Ji-hoon 33079 11236 33092 36376 11234
 Nava, Javier 11236 40115 36376 11236 33092
 Kaur, Harpreet 33081 43030 33094 36375 11234
 Chen, Wei 33081 33081 33074 33094 49836
 Miranda, Eduardo 11231 40117 33081 40117 11236
 Khan, Zainab 10931 36375 49838 45467 27201
 Pereira, Gustavo 11231 33094 33091 45468 33077
 Singh, Rohan 49837 10916 10916 11236 11236
 Kim, Min-ji 11222 49837 49835 33091 49839
 Rodriguez, Diego 40115 36375 11234 36374 40118
 Aziz, Aisha 11237 33081 36380 33094 33092
 Almeida, Pedro 11236 49836 28460 40116 49839
 Reyes, Andres 11231 33095 11231 33092 36374
 Xu, Ming 40115 33077 45468 33079 11217
 Pinto, Sofia 49834 33091 49837 49838 40117
 Chen, Han 49835 49838 11237 49833 10931
 Rios, Juan 49837 40117 49837 33077 11236
 Ahmad, Omar 10931 33074 40114 27201 49839
 Cho, Jae-hyun 11236 40121 49838 49835 43030
 Gao, Jian 45469 45469 40114 36375 36374
 Gupta, Rahul 10931 49835 49834 33074 43030
 Torres, Carlos 10931 33092 27200 40117 33081
 Wong, Hui 33079 49837 45468 33079 27200
 Huang, Xiaolin 11231 43031 11217 49837 40118
 Singh, Isha 40118 45468 49838 36374 40115
 Soares, João 49835 36376 40113 33081 45467
 Yamamoto, Saki 49836 11234 45467 36373 49833
 Shrestha, Priya 33094 33095 40115 36380 45467
 Reyes, Daniel 11234 11217 45467 33074 33081
 Li, Qiao 49833 11222 11236 40113 49833
 Jha, Sagar 10931 45468 10931 40114 40113
 Oliveira, Mariana 33074 27201 33081 49836 36374
 Ng, Wei 33079 45468 40115 36376 11237
 Jang, Hye-won 40113 36374 33092 11237 11234
 Das, Tanvi 33091 45468 49835 49839 33081
 Zhang, Cheng 10916 40115 43030 49833 27201
 Kim, Tae-yeon 11236 33074 33095 11234 43030
 Dos Santos, Ana 33079 40117 33095 27200 40118
 Ali, Ahmad 40115 33092 11231 11234 49833
 Chen, Mei 21114 11234 40115 36375 49838
 Singh, Kunal 40114 36373 49839 43030 33091
 Gonzalez, Maria 36380 11222 11236 36376 49834
 Sharma, Aditi 40114 11236 45468 21114 10916
 Ali, Amina 49834 49834 49838 40114 33095
 Gomes, Ana 49833 11234 28460 33091 36374
 Mendoza, Jose 36374 33081 49837 11231 49834
 Kim, Jae-hyuk 21114 49833 49834 49836 45467
 Chen, Yu 27200 33077 49835 45469 49839
 Ahmad, Ali 36373 36380 36373 49836 11231
 Rodriguez, Pablo 33092 11234 33079 33092 11217
 Barros, Beatriz 36374 40121 33094 49836 43030
 Khan, Farhan 36374 11222 40118 40121 33077
 Wu, Zhi 11237 43030 11236 49838 33077
 Rodriguez, Andres 33081 36375 11217 36376 28460
 Guzman, Ana 11222 11222 33092 49838 49839
 Kato, Yuka 36374 11236 43030 45467 36380
 Pham, Nhung 33077 49839 27201 33095 33079
 Yamada, Yui 43031 36380 33074 10916 40121
 Zhang, Lei 11222 36373 45469 33094 33092
 Kim, Min-seo 36373 10931 33074 49836 11217
 Silva, Rafael 11237 49833 49838 33081 40117
 Mishra, Anjali 40118 33074 28460 33079 33081
 Lee, Jae-hyun 45469 36374 40117 49836 45467
 Sato, Yuto 10931 49835 33091 40114 49833
 Patel, Anish 40121 40113 10931 36375 49835
 Das, Aarav 36375 40121 45468 27200 21114
 Yang, Jung-min 28460 10931 45467 40115 40118
 Tan, Wei 49839 49834 43031 11237 33077
 Chen, Jin 43031 49838 33092 21114 27200
 Khan, Arsalan 33095 40118 33081 33074 11237
 Martin, Luis 33094 28460 40115 33095 28460
 Oliveira, Tiago 11237 40121 49835 49833 21114
 Ahmad, Ayesha 45467 21114 21114 11217 11236
 Tavares, Miguel 11217 11234 49838 49834 43031
 Kim, Yeon-joo 11222 10916 40116 49839 27200
 Chu, Yan 11236 11217 33094 28460 33095
 Das, Rishi 11231 36374 33092 11234 36374
